0.702431840559536
0.776542287712627
0.793058432078226
0.735768003259430
0.890104573388110
0.993175567853869
1
0.974951617831800
0.983965979696466
0.923598614742132
0.928207652870675
0.915034122160731
0.889467965911792
0.914074966896411
0.886200047533358
0.883152819746715
0.848809968424269
0.817694292601772
0.813058092554239
0.752772213356874
0.763981597799885
0.760526092418429
0.744395307778495
0.706961939361016
0.710447153091366
0.679275455810953
0.680869520931654
0.698382168200183
0.664484093301192
0.591801344514990
0.607825179098903